																						
		Title:	A&E Activity and Emergency Admissions statistics, NHS and independent sector organisations in England																			
																						
		Summary:	A&E performance and emergency activity timeseries, year to date from first publication																			
																																						
																						
		England Level Data																				
				A&E attendances				A&E attendances > 4 hours from arrival to admission, transfer or discharge						Emergency Admissions								
		Code	Period	Type 1 Departments - Major A&E	Type 2 Departments - Single Specialty	Type 3 Departments - Other A&E/Minor Injury Unit	Total Attendances	Type 1 Departments - Major A&E	Type 2 Departments - Single Specialty	Type 3 Departments - Other A&E/Minor Injury Unit	Total Attendances > 4 hours	Percentage in 4 hours or less (type 1)	Percentage in 4 hours or less (all)	Emergency Admissions via Type 1 A&E	Emergency Admissions via Type 2 A&E	Emergency Admissions via Type 3 and 4 A&E	Total Emergency Admissions via A&E	Other Emergency Admissions (i.e not via A&E)	Total Emergency Admissions	Number of patients spending >4 hours from decision to admit to admission	Number of patients spending >12 hours from decision to admit to admission	
		-	2015-16 Year to Date	3,702,458	159,697	1,850,023	5,712,178	329,060	1,278	6,765	337,103	91.1%	94.1%	994,256	4,077	12,543	1,010,876	363,004	1,373,880	71,252	130	
																						
		Eng	W/E 07/11/2010	267,142	12,806	111,547	391,495	11,827	40	85	11,952	95.6%	96.9%	73,589	1,372	1,272	76,233	28,181	104,414	1,847	0	
		Eng	W/E 14/11/2010	256,893	13,135	115,657	385,685	10,223	29	131	10,383	96.0%	97.3%	67,526	1,340	563	69,429	28,558	97,987	1,601	0	
		Eng	W/E 21/11/2010	260,958	12,751	115,034	388,743	9,790	33	94	9,917	96.2%	97.4%	68,990	1,343	649	70,982	28,794	99,776	1,430	0	
		Eng	W/E 28/11/2010	256,061	12,126	113,086	381,273	10,087	36	96	10,219	96.1%	97.3%	68,181	1,305	639	70,125	29,095	99,220	1,703	2	
		Eng	W/E 05/12/2010	245,842	10,183	107,385	363,410	13,690	19	170	13,879	94.4%	96.2%	68,411	1,299	546	70,256	26,701	96,957	2,093	0	
		Eng	W/E 12/12/2010	273,068	11,417	126,645	411,130	21,933	65	340	22,338	92.0%	94.6%	72,101	1,369	565	74,035	29,144	103,179	3,362	0	
		Eng	W/E 19/12/2010	266,059	11,422	125,328	402,809	21,771	20	271	22,062	91.8%	94.5%	71,731	1,788	576	74,095	29,626	103,721	3,409	9	
		Eng	W/E 26/12/2010	244,799	9,216	107,855	361,870	15,532	12	239	15,783	93.7%	95.6%	70,709	1,295	901	72,905	28,283	101,188	2,475	1	
		Eng	W/E 02/01/2011	279,547	8,691	135,057	423,295	27,245	42	462	27,749	90.3%	93.4%	77,275	1,256	1,073	79,604	25,936	105,540	4,308	7	
		Eng	W/E 09/01/2011	260,138	10,527	129,617	400,282	26,019	33	279	26,331	90.0%	93.4%	72,824	1,221	887	74,932	26,839	101,771	5,185	7	
		Eng	W/E 16/01/2011	253,937	12,089	120,267	386,293	16,479	30	140	16,649	93.5%	95.7%	69,683	1,341	545	71,569	28,805	100,374	3,035	8	
		Eng	W/E 23/01/2011	250,833	12,190	117,218	380,241	10,550	58	101	10,709	95.8%	97.2%	66,374	1,195	1,239	68,808	28,046	96,854	1,790	0	
		Eng	W/E 30/01/2011	251,079	12,502	118,574	382,155	9,490	29	72	9,591	96.2%	97.5%	67,406	1,394	509	69,309	29,059	98,368	1,644	0	
		Eng	W/E 06/02/2011	266,161	12,556	126,473	405,190	11,622	16	129	11,767	95.6%	97.1%	70,016	401	979	71,396	29,981	101,377	1,940	2	
		Eng	W/E 13/02/2011	274,118	13,050	127,763	414,931	13,213	22	161	13,396	95.2%	96.8%	70,773	428	635	71,836	30,977	102,813	2,334	1	
		Eng	W/E 20/02/2011	261,795	12,818	123,429	398,042	11,975	22	107	12,104	95.4%	97.0%	68,867	424	599	69,890	30,277	100,167	2,165	0	
		Eng	W/E 27/02/2011	252,456	12,778	116,974	382,208	9,720	35	124	9,879	96.1%	97.4%	67,268	398	645	68,311	28,942	97,253	1,490	0	
		Eng	W/E 06/03/2011	260,401	12,887	124,853	398,141	10,169	22	154	10,345	96.1%	97.4%	68,069	590	582	69,241	29,311	98,552	1,544	0	
		Eng	W/E 13/03/2011	275,567	13,011	128,210	416,788	13,330	53	198	13,581	95.2%	96.7%	69,763	668	707	71,138	29,650	100,788	1,916	0	
		Eng	W/E 20/03/2011	278,671	13,204	133,128	425,003	13,669	98	178	13,945	95.1%	96.7%	69,927	425	1,593	71,945	30,405	102,350	2,017	0	
		Eng	W/E 27/03/2011	284,182	13,116	133,214	430,512	13,474	14	179	13,667	95.3%	96.8%	69,877	429	509	70,815	29,856	100,671	2,048	0	
		Eng	W/E 03/04/2011	286,302	13,166	137,812	437,280	15,650	38	259	15,947	94.5%	96.4%	70,837	414	899	72,150	30,336	102,486	2,271	1	
		Eng	W/E 10/04/2011	283,175	12,906	136,985	433,066	15,347	34	172	15,553	94.6%	96.4%	69,864	513	595	70,972	29,500	100,472	2,251	1	
		Eng	W/E 17/04/2011	268,128	12,458	133,831	414,417	12,722	14	211	12,947	95.3%	96.9%	68,673	723	715	70,111	28,087	98,198	1,698	5	
		Eng	W/E 24/04/2011	279,872	13,429	137,622	430,923	12,058	48	120	12,226	95.7%	97.2%	68,947	644	714	70,305	26,442	96,747	1,506	0	
		Eng	W/E 01/05/2011	283,893	11,208	146,556	441,657	11,038	166	252	11,456	96.1%	97.4%	67,360	1,029	767	69,156	24,065	93,221	1,286	0	
		Eng	W/E 08/05/2011	280,121	12,336	138,904	431,361	13,665	212	210	14,087	95.1%	96.7%	67,728	631	625	68,984	26,367	95,351	1,929	1	
		Eng	W/E 15/05/2011	276,368	13,160	130,920	420,448	12,084	94	179	12,357	95.6%	97.1%	67,051	695	562	68,308	27,975	96,283	1,588	1	
		Eng	W/E 22/05/2011	275,401	13,264	132,185	420,850	11,502	41	154	11,697	95.8%	97.2%	68,229	642	659	69,530	28,406	97,936	1,440	0	
		Eng	W/E 29/05/2011	271,297	13,371	133,702	418,370	11,168	43	146	11,357	95.9%	97.3%	67,895	687	658	69,240	28,243	97,483	1,683	0	
		Eng	W/E 05/06/2011	272,805	11,672	134,026	418,503	12,640	36	172	12,848	95.4%	96.9%	68,023	630	602	69,255	24,917	94,172	1,697	2	
		Eng	W/E 12/06/2011	267,281	13,257	129,856	410,394	11,629	84	131	11,844	95.6%	97.1%	66,682	673	629	67,984	28,245	96,229	1,729	1	
		Eng	W/E 19/06/2011	270,572	13,036	129,801	413,409	11,703	28	129	11,860	95.7%	97.1%	67,606	669	593	68,868	28,181	97,049	1,706	4	
		Eng	W/E 26/06/2011	273,469	12,831	128,843	415,143	11,549	30	181	11,760	95.8%	97.2%	68,130	658	594	69,382	27,654	97,036	1,509	2	
		Eng	W/E 03/07/2011	283,999	12,737	136,460	433,196	12,151	38	167	12,356	95.7%	97.1%	68,666	680	612	69,958	27,589	97,547	1,581	2	
		Eng	W/E 10/07/2011	279,033	12,852	137,576	429,461	10,982	75	300	11,357	96.1%	97.4%	67,653	813	550	69,016	27,783	96,799	1,563	0	
		Eng	W/E 17/07/2011	274,093	12,918	136,212	423,223	9,026	23	212	9,261	96.7%	97.8%	68,432	933	629	69,994	27,491	97,485	1,216	2	
		Eng	W/E 24/07/2011	267,032	12,576	131,702	411,310	8,766	64	117	8,947	96.7%	97.8%	66,671	854	590	68,115	26,964	95,079	996	2	
		Eng	W/E 31/07/2011	269,194	12,399	133,717	415,310	9,850	30	145	10,025	96.3%	97.6%	66,893	603	562	68,058	26,571	94,629	1,192	1	
		Eng	W/E 07/08/2011	267,399	11,654	134,268	413,321	12,318	43	142	12,503	95.4%	97.0%	66,580	701	568	67,849	26,403	94,252	1,440	0	
		Eng	W/E 14/08/2011	253,458	11,562	127,405	392,425	9,699	8	73	9,780	96.2%	97.5%	65,543	620	951	67,114	25,884	92,998	1,064	1	
		Eng	W/E 21/08/2011	253,074	12,032	126,802	391,908	9,021	22	85	9,128	96.4%	97.7%	64,679	627	876	66,182	25,974	92,156	932	0	
		Eng	W/E 28/08/2011	250,090	11,928	126,136	388,154	8,611	27	177	8,815	96.6%	97.7%	64,777	626	584	65,987	25,989	91,976	926	0	
		Eng	W/E 04/09/2011	260,821	11,000	130,213	402,034	11,167	37	114	11,318	95.7%	97.2%	66,044	630	574	67,248	24,154	91,402	1,466	0	
		Eng	W/E 11/09/2011	260,414	12,191	126,786	399,391	11,899	59	196	12,154	95.4%	97.0%	66,046	661	1,034	67,741	26,442	94,183	1,870	0	
		Eng	W/E 18/09/2011	270,874	12,614	131,707	415,195	12,268	32	168	12,468	95.5%	97.0%	67,948	918	578	69,444	26,559	96,003	1,703	0	
		Eng	W/E 25/09/2011	275,735	12,660	132,973	421,368	12,137	39	167	12,343	95.6%	97.1%	68,961	679	666	70,306	27,167	97,473	1,579	0	
		Eng	W/E 02/10/2011	288,511	12,010	141,211	441,732	16,502	40	202	16,744	94.3%	96.2%	70,498	774	655	71,927	27,294	99,221	2,058	13	
		Eng	W/E 09/10/2011	281,814	12,549	140,941	435,304	15,282	54	171	15,507	94.6%	96.4%	69,551	707	973	71,231	28,026	99,257	2,328	0	
		Eng	W/E 16/10/2011	275,382	12,572	136,922	424,876	13,714	48	243	14,005	95.0%	96.7%	69,389	395	922	70,706	28,040	98,746	2,126	0	
		Eng	W/E 23/10/2011	263,261	12,271	131,207	406,739	11,510	54	138	11,702	95.6%	97.1%	67,768	351	910	69,029	27,815	96,844	1,605	17	
		Eng	W/E 30/10/2011	259,704	11,846	126,003	397,553	14,048	34	124	14,206	94.6%	96.4%	69,199	403	893	70,495	27,303	97,798	2,049	17	
		Eng	W/E 06/11/2011	266,806	12,445	128,368	407,619	15,487	33	221	15,741	94.2%	96.1%	69,320	699	1,376	71,395	27,209	98,604	2,675	27	
		Eng	W/E 13/11/2011	262,969	12,254	129,421	404,644	12,402	51	142	12,595	95.3%	96.9%	68,583	661	932	70,176	27,707	97,883	1,859	4	
		Eng	W/E 20/11/2011	264,091	11,984	129,972	406,047	11,903	15	178	12,096	95.5%	97.0%	69,125	662	954	70,741	28,350	99,091	1,693	0	
		Eng	W/E 27/11/2011	267,207	11,928	130,934	410,069	14,297	24	232	14,553	94.6%	96.5%	69,748	749	1,008	71,505	29,118	100,623	2,147	1	
		Eng	W/E 04/12/2011	261,337	11,525	126,822	399,684	14,721	49	153	14,923	94.4%	96.3%	69,656	737	938	71,331	28,471	99,802	2,214	0	
		Eng	W/E 11/12/2011	262,788	11,449	124,693	398,930	17,397	29	167	17,593	93.4%	95.6%	69,819	714	881	71,414	27,550	98,964	2,799	3	
		Eng	W/E 18/12/2011	261,516	11,400	122,296	395,212	20,689	11	256	20,956	92.1%	94.7%	71,193	737	897	72,827	28,099	100,926	3,129	1	
		Eng	W/E 25/12/2011	241,551	10,577	113,075	365,203	11,872	29	130	12,031	95.1%	96.7%	68,543	649	882	70,074	27,569	97,643	1,909	0	
		Eng	W/E 01/01/2012	264,152	9,274	128,269	401,695	15,716	20	276	16,012	94.1%	96.0%	75,081	644	1,207	76,932	24,676	101,608	2,151	0	
		Eng	W/E 08/01/2012	257,709	10,901	127,093	395,703	20,972	11	136	21,119	91.9%	94.7%	71,062	663	1,072	72,797	25,802	98,599	4,305	7	
		Eng	W/E 15/01/2012	250,227	11,845	119,959	382,031	15,477	14	106	15,597	93.8%	95.9%	67,723	702	872	69,297	27,314	96,611	3,081	0	
		Eng	W/E 22/01/2012	254,178	12,045	121,777	388,000	14,029	15	118	14,162	94.5%	96.4%	68,668	763	865	70,296	28,032	98,328	2,785	0	
		Eng	W/E 29/01/2012	265,663	12,073	126,773	404,509	16,441	14	157	16,612	93.8%	95.9%	69,986	756	1,126	71,868	28,402	100,270	2,938	1	
		Eng	W/E 05/02/2012	253,409	11,964	119,242	384,615	13,722	9	161	13,892	94.6%	96.4%	68,201	693	1,105	69,999	27,565	97,564	2,556	0	
		Eng	W/E 12/02/2012	264,100	11,489	125,075	400,664	18,211	14	308	18,533	93.1%	95.4%	70,703	711	1,146	72,560	27,738	100,298	3,573	1	
		Eng	W/E 19/02/2012	270,624	12,377	129,533	412,534	24,468	31	239	24,738	91.0%	94.0%	73,113	682	973	74,768	28,136	102,904	4,564	4	
		Eng	W/E 26/02/2012	283,709	13,076	135,211	431,996	23,675	37	306	24,018	91.7%	94.4%	73,312	761	926	74,999	28,803	103,802	4,198	1	
		Eng	W/E 04/03/2012	282,295	13,225	134,543	430,063	18,840	43	286	19,169	93.3%	95.5%	71,712	959	996	73,667	28,673	102,340	3,588	0	
		Eng	W/E 11/03/2012	280,480	13,237	135,872	429,589	14,450	58	160	14,668	94.8%	96.6%	71,855	747	948	73,550	29,016	102,566	2,449	0	
		Eng	W/E 18/03/2012	282,198	13,187	135,662	431,047	13,224	45	243	13,512	95.3%	96.9%	71,288	714	968	72,970	28,635	101,605	1,825	1	
		Eng	W/E 25/03/2012	289,792	13,500	141,032	444,324	15,454	97	270	15,821	94.7%	96.4%	72,277	750	547	73,574	28,675	102,249	2,161	0	
		Eng	W/E 01/04/2012	290,851	12,942	142,390	446,183	13,786	36	169	13,991	95.3%	96.9%	73,295	708	518	74,521	29,891	104,412	1,999	0	
		Eng	W/E 08/04/2012	270,552	11,231	137,463	419,246	13,081	46	255	13,382	95.2%	96.8%	71,249	548	553	72,350	26,814	99,164	1,857	0	
		Eng	W/E 15/04/2012	269,266	11,496	136,336	417,098	19,022	43	234	19,299	92.9%	95.4%	71,070	719	638	72,427	25,697	98,124	3,152	0	
		Eng	W/E 22/04/2012	266,261	12,782	129,539	408,582	14,969	26	181	15,176	94.4%	96.3%	70,010	618	546	71,174	27,896	99,070	2,487	0	
		Eng	W/E 29/04/2012	263,122	12,466	125,627	401,215	12,688	53	201	12,942	95.2%	96.8%	69,648	612	535	70,795	27,718	98,513	2,112	0	
		Eng	W/E 06/05/2012	272,178	13,058	132,257	417,493	12,173	37	133	12,343	95.5%	97.0%	71,059	619	516	72,194	28,199	100,393	1,667	0	
		Eng	W/E 13/05/2012	280,641	12,105	140,722	433,468	13,903	37	179	14,119	95.0%	96.7%	71,483	589	498	72,570	26,059	98,629	2,007	0	
		Eng	W/E 20/05/2012	276,373	13,113	138,400	427,886	12,546	36	175	12,757	95.5%	97.0%	70,296	633	605	71,534	27,931	99,465	2,010	0	
		Eng	W/E 27/05/2012	291,878	12,509	142,096	446,483	15,153	12	352	15,517	94.8%	96.5%	72,059	614	518	73,191	27,983	101,174	2,213	0	
		Eng	W/E 03/06/2012	296,147	13,120	152,527	461,794	14,646	37	276	14,959	95.1%	96.8%	72,197	668	560	73,425	29,052	102,477	1,788	0	
		Eng	W/E 10/06/2012	282,338	11,110	147,492	440,940	13,132	43	200	13,375	95.3%	97.0%	71,019	535	614	72,168	23,693	95,861	1,862	0	
		Eng	W/E 17/06/2012	275,902	12,882	135,739	424,523	14,561	51	133	14,745	94.7%	96.5%	70,895	619	496	72,010	27,312	99,322	2,121	1	
		Eng	W/E 24/06/2012	283,851	13,159	140,382	437,392	13,298	27	205	13,530	95.3%	96.9%	70,583	603	532	71,718	26,920	98,638	1,974	0	
		Eng	W/E 01/07/2012	295,252	13,047	143,288	451,587	15,311	63	234	15,608	94.8%	96.5%	72,994	665	590	74,249	28,728	102,977	1,967	1	
		Eng	W/E 08/07/2012	284,468	12,772	139,935	437,175	13,804	94	250	14,148	95.1%	96.8%	72,111	607	570	73,288	28,703	101,991	1,863	0	
		Eng	W/E 15/07/2012	282,532	12,722	138,309	433,563	12,120	47	199	12,366	95.7%	97.1%	72,048	658	522	73,228	28,230	101,458	1,572	0	
		Eng	W/E 22/07/2012	279,634	12,507	138,934	431,075	11,596	40	217	11,853	95.9%	97.3%	71,502	654	536	72,692	28,036	100,728	1,527	0	
		Eng	W/E 29/07/2012	283,929	12,017	144,429	440,375	12,398	18	170	12,586	95.6%	97.1%	70,442	579	515	71,536	27,067	98,603	1,619	1	
		Eng	W/E 05/08/2012	266,740	12,285	133,355	412,380	11,228	31	119	11,378	95.8%	97.2%	68,643	554	550	69,747	26,377	96,124	1,410	0	
		Eng	W/E 12/08/2012	268,090	11,893	132,793	412,776	11,231	16	153	11,400	95.8%	97.2%	68,221	594	516	69,331	26,213	95,544	1,598	1	
		Eng	W/E 19/08/2012	276,793	12,053	135,574	424,420	14,921	31	181	15,133	94.6%	96.4%	70,544	532	563	71,639	26,405	98,044	1,864	0	
		Eng	W/E 26/08/2012	271,968	12,231	136,813	421,012	12,374	24	206	12,604	95.5%	97.0%	69,416	581	509	70,506	26,220	96,726	1,603	1	
		Eng	W/E 02/09/2012	266,006	11,134	132,188	409,328	10,070	26	184	10,280	96.2%	97.5%	68,011	579	549	69,139	23,539	92,678	1,478	0	
		Eng	W/E 09/09/2012	273,520	12,122	130,502	416,144	12,647	22	145	12,814	95.4%	96.9%	69,413	573	537	70,523	25,648	96,171	1,700	0	
		Eng	W/E 16/09/2012	278,694	12,159	132,507	423,360	14,060	17	195	14,272	95.0%	96.6%	70,866	539	487	71,892	26,910	98,802	2,211	0	
		Eng	W/E 23/09/2012	273,897	12,165	130,541	416,603	12,776	45	194	13,015	95.3%	96.9%	71,121	631	510	72,262	27,077	99,339	1,945	0	
		Eng	W/E 30/09/2012	276,248	11,899	127,286	415,433	15,914	33	125	16,072	94.2%	96.1%	72,585	638	588	73,811	27,176	100,987	2,744	2	
		Eng	W/E 07/10/2012	278,923	12,031	130,783	421,737	16,390	58	170	16,618	94.1%	96.1%	72,095	593	547	73,235	27,797	101,032	2,769	0	
		Eng	W/E 14/10/2012	276,317	12,041	130,199	418,557	14,618	48	156	14,822	94.7%	96.5%	71,539	544	551	72,634	28,027	100,661	2,491	0	
		Eng	W/E 21/10/2012	278,680	12,271	129,086	420,037	17,270	37	149	17,456	93.8%	95.8%	72,616	610	533	73,759	28,484	102,243	2,629	0	
		Eng	W/E 28/10/2012	269,012	11,908	123,100	404,020	13,645	33	159	13,837	94.9%	96.6%	71,225	636	577	72,438	27,351	99,789	2,244	0	
		Eng	W/E 04/11/2012	260,170	12,068	119,653	391,891	14,121	41	154	14,316	94.6%	96.3%	71,036	628	540	72,204	27,144	99,348	2,230	0	
		Eng	W/E 11/11/2012	273,634	12,228	124,958	410,820	16,129	32	122	16,283	94.1%	96.0%	72,378	652	516	73,546	27,839	101,385	2,834	0	
		Eng	W/E 18/11/2012	277,766	12,239	127,276	417,281	16,434	49	146	16,629	94.1%	96.0%	72,196	651	523	73,370	28,215	101,585	2,710	0	
		Eng	W/E 25/11/2012	275,413	11,961	127,061	414,435	16,312	73	221	16,606	94.1%	96.0%	72,777	665	525	73,967	28,958	102,925	2,657	1	
		Eng	W/E 02/12/2012	269,397	11,873	123,514	404,784	16,996	56	190	17,242	93.7%	95.7%	72,097	660	530	73,287	28,415	101,702	2,920	0	
		Eng	W/E 09/12/2012	272,796	11,202	125,892	409,890	20,844	40	216	21,100	92.4%	94.9%	72,967	309	489	73,765	28,373	102,138	3,802	3	
		Eng	W/E 16/12/2012	275,421	11,379	127,900	414,700	24,765	26	284	25,075	91.0%	94.0%	74,094	263	538	74,895	27,884	102,779	4,209	4	
		Eng	W/E 23/12/2012	275,155	11,738	137,388	424,281	23,667	39	295	24,001	91.4%	94.3%	74,209	281	570	75,060	28,676	103,736	3,981	5	
		Eng	W/E 30/12/2012	263,037	8,375	127,602	399,014	17,729	13	242	17,984	93.3%	95.5%	74,350	211	592	75,153	23,940	99,093	2,840	0	
		Eng	W/E 06/01/2013	270,905	10,270	131,041	412,216	28,426	28	248	28,702	89.5%	93.0%	74,271	245	586	75,102	25,537	100,639	5,872	12	
		Eng	W/E 13/01/2013	255,060	11,953	122,223	389,236	20,420	28	180	20,628	92.0%	94.7%	70,458	217	502	71,177	26,915	98,092	4,584	13	
		Eng	W/E 20/01/2013	242,443	10,466	107,830	360,739	15,102	26	151	15,279	93.8%	95.8%	68,594	253	463	69,310	25,980	95,290	3,047	18	
		Eng	W/E 27/01/2013	260,047	11,228	116,761	388,036	19,817	20	194	20,031	92.4%	94.8%	71,424	232	543	72,199	26,839	99,038	4,240	6	
		Eng	W/E 03/02/2013	280,145	12,370	130,599	423,114	24,207	60	271	24,538	91.4%	94.2%	73,559	271	526	74,356	28,068	102,424	4,909	4	
		Eng	W/E 10/02/2013	272,377	12,471	130,191	415,039	21,375	56	251	21,682	92.2%	94.8%	71,818	305	562	72,685	28,149	100,834	4,378	4	
		Eng	W/E 17/02/2013	270,103	12,033	127,450	409,586	23,851	68	231	24,150	91.2%	94.1%	72,851	297	591	73,739	27,605	101,344	4,563	2	
		Eng	W/E 24/02/2013	262,922	12,185	125,619	400,726	21,676	74	230	21,980	91.8%	94.5%	72,163	262	524	72,949	27,338	100,287	4,510	5	
		Eng	W/E 03/03/2013	279,770	12,215	131,625	423,610	27,353	67	202	27,622	90.2%	93.5%	73,827	262	559	74,648	27,884	102,532	5,983	8	
		Eng	W/E 10/03/2013	284,553	12,326	133,890	430,769	31,092	66	325	31,483	89.1%	92.7%	74,863	299	554	75,716	28,932	104,648	6,399	13	
		Eng	W/E 17/03/2013	277,827	12,519	130,651	420,997	27,249	79	186	27,514	90.2%	93.5%	74,008	342	567	74,917	28,170	103,087	5,962	38	
		Eng	W/E 24/03/2013	272,813	12,520	129,466	414,799	27,270	92	246	27,608	90.0%	93.3%	73,231	299	518	74,048	28,147	102,195	5,471	13	
		Eng	W/E 31/03/2013	271,102	11,619	134,251	416,972	22,197	65	290	22,552	91.8%	94.6%	72,931	284	562	73,777	25,989	99,766	3,999	14	
		Eng	W/E 07/04/2013	276,618	11,564	136,317	424,499	33,233	64	326	33,623	88.0%	92.1%	72,547	298	556	73,401	25,526	98,927	6,773	12	
		Eng	W/E 14/04/2013	274,440	12,640	130,683	417,763	34,595	75	236	34,906	87.4%	91.6%	72,671	300	562	73,533	27,691	101,224	7,201	28	
		Eng	W/E 21/04/2013	285,142	13,140	135,164	433,446	28,024	125	245	28,394	90.2%	93.4%	72,450	275	532	73,257	28,172	101,429	5,442	2	
		Eng	W/E 28/04/2013	281,612	13,190	135,759	430,561	18,644	49	198	18,891	93.4%	95.6%	71,002	294	580	71,876	27,355	99,231	3,468	1	
		Eng	W/E 05/05/2013	284,470	13,202	140,358	438,030	14,802	55	220	15,077	94.8%	96.6%	71,271	297	520	72,088	27,430	99,518	2,105	0	
		Eng	W/E 12/05/2013	287,840	12,010	143,868	443,718	15,863	78	271	16,212	94.5%	96.3%	71,994	294	557	72,845	26,147	98,992	2,242	0	
		Eng	W/E 19/05/2013	274,144	12,571	134,144	420,859	14,453	69	189	14,711	94.7%	96.5%	71,275	307	524	72,106	27,752	99,858	2,307	0	
		Eng	W/E 26/05/2013	273,477	12,669	134,158	420,304	13,465	86	190	13,741	95.1%	96.7%	71,819	320	545	72,684	27,087	99,771	2,185	0	
		Eng	W/E 02/06/2013	267,531	11,268	132,676	411,475	12,881	31	234	13,146	95.2%	96.8%	70,106	257	530	70,893	24,297	95,190	1,980	0	
		Eng	W/E 09/06/2013	274,663	12,490	135,155	422,308	13,321	26	231	13,578	95.2%	96.8%	69,882	266	566	70,714	26,223	96,937	2,066	1	
		Eng	W/E 16/06/2013	275,041	12,760	134,204	422,005	13,246	42	225	13,513	95.2%	96.8%	71,609	300	519	72,428	26,924	99,352	2,032	2	
		Eng	W/E 23/06/2013	284,197	13,128	139,708	437,033	14,085	53	189	14,327	95.0%	96.7%	71,785	293	548	72,626	27,787	100,413	2,368	2	
		Eng	W/E 30/06/2013	281,014	12,992	138,120	432,126	10,941	63	162	11,166	96.1%	97.4%	70,745	287	534	71,566	27,734	99,300	1,350	2	
		Eng	W/E 07/07/2013	287,360	12,947	140,444	440,751	13,635	81	273	13,989	95.3%	96.8%	71,951	317	534	72,802	27,505	100,307	1,681	0	
		Eng	W/E 14/07/2013	296,500	12,535	148,640	457,675	13,475	51	189	13,715	95.5%	97.0%	72,405	315	505	73,225	26,997	100,222	1,967	0	
		Eng	W/E 21/07/2013	295,791	12,208	149,047	457,046	14,979	61	304	15,344	94.9%	96.6%	72,530	325	541	73,396	27,699	101,095	2,068	2	
		Eng	W/E 28/07/2013	285,360	12,536	142,857	440,753	16,191	77	178	16,446	94.3%	96.3%	71,897	319	475	72,691	27,693	100,384	2,637	1	
		Eng	W/E 04/08/2013	272,274	12,390	135,485	420,149	13,994	31	196	14,221	94.9%	96.6%	70,016	288	526	70,830	26,804	97,634	2,217	0	
		Eng	W/E 11/08/2013	266,980	12,267	134,214	413,461	14,288	65	195	14,548	94.6%	96.5%	69,363	282	513	70,158	25,961	96,119	2,237	0	
		Eng	W/E 18/08/2013	261,580	11,984	129,971	403,535	14,894	41	143	15,078	94.3%	96.3%	69,665	316	471	70,452	25,704	96,156	2,164	2	
		Eng	W/E 25/08/2013	268,756	12,261	136,199	417,216	15,598	47	244	15,889	94.2%	96.2%	70,690	289	533	71,512	26,038	97,550	2,399	0	
		Eng	W/E 01/09/2013	276,232	11,255	139,856	427,343	17,013	15	186	17,214	93.8%	96.0%	70,187	288	519	70,994	23,848	94,842	2,767	0	
		Eng	W/E 08/09/2013	267,587	12,086	130,990	410,663	16,215	34	167	16,416	93.9%	96.0%	70,008	273	451	70,732	26,856	97,588	2,986	2	
		Eng	W/E 15/09/2013	258,761	11,975	124,601	395,337	13,092	34	130	13,256	94.9%	96.6%	70,033	312	507	70,852	27,021	97,873	2,287	0	
		Eng	W/E 22/09/2013	269,769	12,412	128,688	410,869	19,153	28	202	19,383	92.9%	95.3%	73,746	309	498	74,553	27,730	102,283	3,591	6	
		Eng	W/E 29/09/2013	281,500	12,483	136,370	430,353	20,024	35	241	20,300	92.9%	95.3%	73,542	320	537	74,399	27,653	102,052	3,638	1	
		Eng	W/E 06/10/2013	276,433	12,234	134,677	423,344	18,812	31	264	19,107	93.2%	95.5%	71,976	300	546	72,822	28,214	101,036	3,398	0	
		Eng	W/E 13/10/2013	271,969	11,825	131,568	415,362	16,741	26	215	16,982	93.8%	95.9%	71,899	275	478	72,652	27,700	100,352	2,971	0	
		Eng	W/E 20/10/2013	269,023	11,888	129,592	410,503	17,882	47	213	18,142	93.4%	95.6%	73,349	298	538	74,185	28,508	102,693	3,330	0	
		Eng	W/E 27/10/2013	275,296	11,866	131,204	418,366	19,567	17	200	19,784	92.9%	95.3%	74,651	329	525	75,505	28,103	103,608	3,433	19	
		Eng	W/E 03/11/2013	255,549	11,620	121,912	389,081	13,709	16	213	13,938	94.6%	96.4%	70,739	302	465	71,506	27,152	98,658	2,109	3	
		Eng	W/E 10/11/2013	264,517	11,927	125,004	401,448	15,792	43	196	16,031	94.0%	96.0%	73,299	305	509	74,113	28,243	102,356	2,564	2	
		Eng	W/E 17/11/2013	266,406	11,929	128,280	406,615	15,708	37	196	15,941	94.1%	96.1%	73,516	325	538	74,379	28,180	102,559	2,597	1	
		Eng	W/E 24/11/2013	265,953	11,772	127,097	404,822	17,136	11	225	17,372	93.6%	95.7%	74,172	347	483	75,002	29,265	104,267	3,263	3	
		Eng	W/E 01/12/2013	271,501	11,693	129,109	412,303	17,773	34	234	18,041	93.5%	95.6%	74,749	332	504	75,585	29,602	105,187	3,005	0	
		Eng	W/E 08/12/2013	273,931	11,697	130,162	415,790	21,276	17	250	21,543	92.2%	94.8%	74,825	361	759	75,945	29,678	105,623	3,671	5	
		Eng	W/E 15/12/2013	273,068	11,569	131,335	415,972	21,629	17	222	21,868	92.1%	94.7%	75,657	389	580	76,626	29,526	106,152	3,971	3	
		Eng	W/E 22/12/2013	265,814	11,612	131,075	408,501	18,009	34	155	18,198	93.2%	95.5%	75,572	360	528	76,460	30,120	106,580	3,499	4	
		Eng	W/E 29/12/2013	247,020	8,401	116,741	372,162	13,366	6	173	13,545	94.6%	96.4%	74,849	253	546	75,648	23,870	99,518	2,080	2	
		Eng	W/E 05/01/2014	256,873	10,007	120,583	387,463	21,858	25	230	22,113	91.5%	94.3%	76,098	281	596	76,975	26,338	103,313	5,128	24	
		Eng	W/E 12/01/2014	250,926	11,851	120,789	383,566	20,875	34	174	21,083	91.7%	94.5%	73,105	268	517	73,890	27,922	101,812	5,227	22	
		Eng	W/E 19/01/2014	256,739	11,829	121,964	390,532	17,591	39	149	17,779	93.1%	95.4%	73,792	241	544	74,577	28,515	103,092	4,068	2	
		Eng	W/E 26/01/2014	260,565	11,881	125,572	398,018	15,389	55	144	15,588	94.1%	96.1%	73,919	322	526	74,767	28,884	103,651	3,203	1	
		Eng	W/E 02/02/2014	266,802	11,691	128,436	406,929	18,993	41	217	19,251	92.9%	95.3%	75,201	292	592	76,085	28,968	105,053	3,976	0	
		Eng	W/E 09/02/2014	273,428	11,702	133,283	418,413	23,572	32	214	23,818	91.4%	94.3%	76,242	301	545	77,088	29,142	106,230	5,376	33	
		Eng	W/E 16/02/2014	267,564	11,729	129,825	409,118	22,870	45	289	23,204	91.5%	94.3%	75,454	279	560	76,293	28,205	104,498	5,411	19	
		Eng	W/E 23/02/2014	267,749	11,962	131,167	410,878	20,234	46	209	20,489	92.4%	95.0%	74,869	289	581	75,739	28,260	103,999	3,942	22	
		Eng	W/E 02/03/2014	279,683	12,560	137,753	429,996	22,150	43	333	22,526	92.1%	94.8%	76,333	295	548	77,176	28,867	106,043	4,720	4	
		Eng	W/E 09/03/2014	285,649	12,613	140,353	438,615	21,550	26	339	21,915	92.5%	95.0%	75,870	293	525	76,688	29,048	105,736	4,110	4	
		Eng	W/E 16/03/2014	289,532	12,783	144,535	446,850	16,433	58	238	16,729	94.3%	96.3%	75,096	326	475	75,897	28,663	104,560	2,717	1	
		Eng	W/E 23/03/2014	291,120	12,718	147,117	450,955	18,359	74	419	18,852	93.7%	95.8%	77,142	290	562	77,994	28,863	106,857	3,172	1	
		Eng	W/E 30/03/2014	281,399	12,282	140,096	433,777	17,941	33	289	18,263	93.6%	95.8%	75,243	302	565	76,110	28,831	104,941	3,082	1	
		Eng	W/E 06/04/2014	292,787	12,695	144,533	450,015	24,998	51	387	25,436	91.5%	94.3%	77,868	355	544	78,767	29,448	108,215	4,903	11	
		Eng	W/E 13/04/2014	277,633	12,602	137,849	428,084	19,485	27	281	19,793	93.0%	95.4%	75,742	307	568	76,617	28,323	104,940	3,551	3	
		Eng	W/E 20/04/2014	276,715	11,366	144,596	432,677	14,665	8	279	14,952	94.7%	96.5%	74,595	271	528	75,394	25,954	101,348	2,201	5	
		Eng	W/E 27/04/2014	284,929	11,621	145,609	442,159	22,634	33	358	23,025	92.1%	94.8%	76,458	298	598	77,354	26,734	104,088	4,262	6	
		Eng	W/E 04/05/2014	286,600	12,981	141,486	441,067	21,525	45	328	21,898	92.5%	95.0%	76,529	323	594	77,446	28,837	106,283	3,763	0	
		Eng	W/E 11/05/2014	291,999	11,992	144,942	448,933	22,666	43	275	22,984	92.2%	94.9%	76,308	293	629	77,230	26,807	104,037	3,980	1	
		Eng	W/E 18/05/2014	294,595	12,631	142,993	450,219	22,748	37	335	23,120	92.3%	94.9%	77,042	273	621	77,936	28,589	106,525	4,041	3	
		Eng	W/E 25/05/2014	296,666	12,709	148,416	457,791	24,153	40	321	24,514	91.9%	94.6%	77,702	278	593	78,573	29,232	107,805	4,298	0	
		Eng	W/E 01/06/2014	280,352	11,312	138,891	430,555	21,805	92	338	22,235	92.2%	94.8%	75,215	236	577	76,028	25,438	101,466	3,912	7	
		Eng	W/E 08/06/2014	290,524	13,195	140,478	444,197	24,527	94	374	24,995	91.6%	94.4%	76,760	296	589	77,645	27,902	105,547	4,180	3	
		Eng	W/E 15/06/2014	297,437	12,758	145,681	455,876	21,587	50	439	22,076	92.7%	95.2%	76,469	315	587	77,371	28,042	105,413	3,542	2	
		Eng	W/E 22/06/2014	298,955	13,136	148,845	460,936	18,995	77	456	19,528	93.6%	95.8%	76,008	290	607	76,905	28,344	105,249	2,840	2	
		Eng	W/E 29/06/2014	296,047	12,486	146,858	455,391	19,521	61	423	20,005	93.4%	95.6%	76,136	273	596	77,005	27,947	104,952	3,094	0	
		Eng	W/E 06/07/2014	295,385	12,643	142,493	450,521	21,231	29	323	21,583	92.8%	95.2%	76,627	301	609	77,537	28,591	106,128	3,565	2	
		Eng	W/E 13/07/2014	297,242	12,825	143,054	453,121	20,599	95	291	20,985	93.1%	95.4%	76,152	308	571	77,031	28,653	105,684	3,358	1	
		Eng	W/E 20/07/2014	298,711	12,654	145,234	456,599	23,150	102	320	23,572	92.3%	94.8%	76,824	315	545	77,684	28,007	105,691	4,226	0	
		Eng	W/E 27/07/2014	293,482	12,483	145,149	451,114	21,939	70	344	22,353	92.5%	95.0%	74,654	299	565	75,518	27,576	103,094	4,076	1	
		Eng	W/E 03/08/2014	279,941	12,239	139,433	431,613	18,607	35	367	19,009	93.4%	95.6%	72,647	260	543	73,450	27,501	100,951	3,325	3	
		Eng	W/E 10/08/2014	274,519	12,295	134,565	421,379	20,422	33	269	20,724	92.6%	95.1%	72,529	254	580	73,363	26,999	100,362	3,331	1	
		Eng	W/E 17/08/2014	262,320	12,162	127,151	401,633	18,138	52	245	18,435	93.1%	95.4%	71,856	261	541	72,658	26,429	99,087	3,148	1	
		Eng	W/E 24/08/2014	259,929	12,304	125,106	397,339	17,228	56	294	17,578	93.4%	95.6%	72,777	314	543	73,634	26,848	100,482	2,871	0	
		Eng	W/E 31/08/2014	271,404	11,045	129,533	411,982	23,561	73	362	23,996	91.3%	94.2%	73,342	293	508	74,143	24,419	98,562	4,961	5	
		Eng	W/E 07/09/2014	278,960	12,104	131,773	422,837	25,470	84	415	25,969	90.9%	93.9%	74,269	271	576	75,116	27,273	102,389	5,247	10	
		Eng	W/E 14/09/2014	283,233	12,168	135,656	431,057	21,750	71	369	22,190	92.3%	94.9%	75,027	319	508	75,854	27,370	103,224	4,350	3	
		Eng	W/E 21/09/2014	291,219	12,247	137,734	441,200	23,177	63	297	23,537	92.0%	94.7%	76,597	286	579	77,462	28,114	105,576	4,575	13	
		Eng	W/E 28/09/2014	286,005	12,196	135,643	433,844	20,933	38	313	21,284	92.7%	95.1%	75,937	283	587	76,807	27,818	104,625	4,009	1	
		Eng	W/E 05/10/2014	288,276	12,181	134,760	435,217	23,565	74	405	24,044	91.8%	94.5%	76,659	302	573	77,534	28,558	106,092	5,005	4	
		Eng	W/E 12/10/2014	279,293	12,299	131,044	422,636	25,624	31	314	25,969	90.8%	93.9%	76,281	390	601	77,272	28,111	105,383	5,618	4	
		Eng	W/E 19/10/2014	287,252	12,417	133,723	433,392	29,884	43	396	30,323	89.6%	93.0%	78,115	398	599	79,112	28,604	107,716	6,452	4	
		Eng	W/E 26/10/2014	281,392	12,333	133,566	427,291	26,378	30	381	26,789	90.6%	93.7%	76,333	333	546	77,212	28,262	105,474	5,414	24	
		Eng	W/E 02/11/2014	274,772	12,150	130,538	417,460	25,796	34	382	26,212	90.6%	93.7%	76,086	329	600	77,015	27,866	104,881	5,435	28	
		Eng	W/E 09/11/2014	275,492	12,631	130,290	418,413	26,887	51	426	27,364	90.2%	93.5%	76,055	422	794	77,271	28,782	106,053	6,076	2	
		Eng	W/E 16/11/2014	283,727	12,416	133,144	429,287	30,040	91	416	30,547	89.4%	92.9%	77,679	427	824	78,930	29,433	108,363	6,641	10	
		Eng	W/E 23/11/2014	282,925	12,064	135,397	430,386	25,889	31	404	26,324	90.8%	93.9%	77,613	396	783	78,792	30,518	109,310	5,797	15	
		Eng	W/E 30/11/2014	284,869	11,747	136,484	433,100	27,478	108	421	28,007	90.4%	93.5%	78,838	460	783	80,081	30,569	110,650	5,597	0	
		Eng	W/E 07/12/2014	286,577	11,681	138,119	436,377	35,347	20	545	35,912	87.7%	91.8%	79,182	444	802	80,428	29,880	110,308	7,803	1	
		Eng	W/E 14/12/2014	288,729	11,545	140,173	440,447	44,129	61	669	44,859	84.7%	89.8%	79,952	455	846	81,253	29,887	111,140	10,182	17	
		Eng	W/E 21/12/2014	289,558	11,651	145,292	446,501	49,053	36	736	49,825	83.1%	88.8%	80,929	407	891	82,227	30,379	112,606	12,725	46	
		Eng	W/E 28/12/2014	262,888	8,463	131,963	403,314	37,492	37	750	38,279	85.7%	90.5%	79,181	366	854	80,401	23,842	104,243	8,274	17	
		Eng	W/E 04/01/2015	266,333	10,079	130,960	407,372	53,706	31	583	54,320	79.8%	86.7%	79,865	316	789	80,970	26,512	107,482	16,329	246	
		Eng	W/E 11/01/2015	249,649	11,858	127,325	388,832	39,188	44	493	39,725	84.3%	89.8%	75,546	263	836	76,645	28,557	105,202	11,974	177	
		Eng	W/E 18/01/2015	245,855	11,520	120,464	377,839	28,545	22	370	28,937	88.4%	92.3%	73,547	319	752	74,618	28,367	102,985	8,926	65	
		Eng	W/E 25/01/2015	253,381	11,521	124,498	389,400	26,750	20	341	27,111	89.4%	93.0%	74,659	342	742	75,743	28,446	104,189	7,472	157	
		Eng	W/E 01/02/2015	260,126	11,949	128,339	400,414	30,367	69	298	30,734	88.3%	92.3%	74,993	345	710	76,048	28,493	104,541	8,400	129	
		Eng	W/E 08/02/2015	263,252	11,792	132,143	407,187	28,725	40	317	29,082	89.1%	92.9%	75,574	324	759	76,657	28,878	105,535	7,280	90	
		Eng	W/E 15/02/2015	272,331	11,966	135,729	420,026	35,126	48	357	35,531	87.1%	91.5%	77,360	310	732	78,402	28,795	107,197	8,897	39	
		Eng	W/E 22/02/2015	262,370	11,945	131,307	405,622	32,203	37	402	32,642	87.7%	92.0%	76,398	308	682	77,388	27,362	104,750	8,015	15	
		Eng	W/E 01/03/2015	276,894	12,538	136,179	425,611	35,999	71	356	36,426	87.0%	91.4%	77,707	345	747	78,799	28,789	107,588	9,036	25	
		Eng	W/E 08/03/2015	280,282	12,803	140,842	433,927	30,734	41	388	31,163	89.0%	92.8%	76,472	318	964	77,754	28,890	106,644	6,911	17	
		Eng	W/E 15/03/2015	278,626	12,608	142,035	433,269	28,606	107	483	29,196	89.7%	93.3%	76,294	379	989	77,662	29,315	106,977	5,999	14	
		Eng	W/E 22/03/2015	286,449	12,625	145,775	444,849	29,868	79	523	30,470	89.6%	93.2%	77,251	394	967	78,612	28,981	107,593	6,674	5	
		Eng	W/E 29/03/2015	285,849	13,215	145,409	444,473	34,921	88	562	35,571	87.8%	92.0%	77,388	370	1,026	78,784	29,207	107,991	7,751	8	
		Eng	W/E 05/04/2015	281,969	11,693	146,104	439,766	32,856	128	582	33,566	88.3%	92.4%	77,617	326	1,072	79,015	27,266	106,281	7,498	21	
		Eng	W/E 12/04/2015	283,452	11,245	148,177	442,874	32,481	186	608	33,275	88.5%	92.5%	75,670	347	987	77,004	25,274	102,278	7,438	19	
		Eng	W/E 19/04/2015	279,865	12,716	141,337	433,918	28,590	137	473	29,200	89.8%	93.3%	75,825	346	917	77,088	27,888	104,976	6,661	12	
		Eng	W/E 26/04/2015	281,533	12,744	140,319	434,596	24,343	67	414	24,824	91.4%	94.3%	75,862	305	920	77,087	28,390	105,477	5,452	4	
		Eng	W/E 03/05/2015	280,656	12,790	139,961	433,407	24,861	71	486	25,418	91.1%	94.1%	77,017	355	938	78,310	29,503	107,813	5,406	14	
		Eng	W/E 10/05/2015	288,793	11,975	144,348	445,116	28,807	66	553	29,426	90.0%	93.4%	77,699	326	970	78,995	27,151	106,146	6,559	17	
		Eng	W/E 17/05/2015	286,685	12,967	141,619	441,271	24,870	128	445	25,443	91.3%	94.2%	77,125	344	956	78,425	28,853	107,278	5,348	5	
		Eng	W/E 24/05/2015	280,614	12,933	141,154	434,701	20,616	92	454	21,162	92.7%	95.1%	76,666	340	991	77,997	28,845	106,842	4,293	8	
		Eng	W/E 31/05/2015	278,072	11,453	141,110	430,635	22,637	175	547	23,359	91.9%	94.6%	75,075	323	996	76,394	25,550	101,944	5,007	10	
		Eng	W/E 07/06/2015	284,207	12,383	138,134	434,724	25,191	34	519	25,744	91.1%	94.1%	75,884	284	960	77,128	28,101	105,229	5,616	15	
		Eng	W/E 14/06/2015	290,722	12,340	141,089	444,151	21,908	51	620	22,579	92.5%	94.9%	76,269	291	928	77,488	28,270	105,758	4,470	3	
		Eng	W/E 21/06/2015	293,589	12,143	142,859	448,591	21,878	86	609	22,573	92.5%	95.0%	76,494	248	944	77,686	28,469	106,155	3,880	1	
		Eng	W/E 28/06/2015	292,301	12,315	143,812	448,428	20,022	57	455	20,534	93.2%	95.4%	77,053	242	964	78,259	29,444	107,703	3,624	1	
